image: clean_hospital_map.pgm
resolution: 0.050000
origin: [-99.700000, -90.000000, 0.000000]
negate: 0
occupied_thresh: 0.65
free_thresh: 0.196

